<?xml version="1.0"?>
<opencv_storage>
<calibration_time>"2020年09月17日 15時12分47秒"</calibration_time>
<nr_of_frames>25</nr_of_frames>
<image_width>640</image_width>
<image_height>512</image_height>
<board_width>4</board_width>
<board_height>11</board_height>
<square_size>20.</square_size>
<fix_aspect_ratio>1.</fix_aspect_ratio>
<!-- flags: +fix_aspectRatio +fix_principal_point +zero_tangent_dist +fix_k4 +fix_k5 -->
<flags>6158</flags>
<fisheye_model>0</fisheye_model>
<camera_matrix_right type_id="opencv-matrix">
  <rows>3</rows>
  <cols>3</cols>
  <dt>d</dt>
  <data>
    5.1217068744744154e+02 0. 320. 0. 5.1217068744744154e+02 256. 0. 0.
    1.</data></camera_matrix_right>
<distortion_coefficients_right type_id="opencv-matrix">
  <rows>5</rows>
  <cols>1</cols>
  <dt>d</dt>
  <data>
    -8.0166570993205649e-02 1.9706347160885715e-01 0. 0.
    -2.2791612309213669e-01</data></distortion_coefficients_right>
<avg_reprojection_error_right>1.0834546667739016e-01</avg_reprojection_error_right>
<per_view_reprojection_errors_right type_id="opencv-matrix">
  <rows>25</rows>
  <cols>1</cols>
  <dt>f</dt>
  <data>
    9.98965874e-02 1.04605474e-01 1.01560429e-01 9.12000164e-02
    9.12859514e-02 6.96008727e-02 6.14501573e-02 6.59233406e-02
    6.15861490e-02 6.83990642e-02 8.90590325e-02 1.67630970e-01
    1.71410799e-01 7.62530416e-02 1.06009439e-01 1.22148074e-01
    1.12840734e-01 1.09682545e-01 1.16869070e-01 1.13445207e-01
    8.44401419e-02 6.26401156e-02 9.05893669e-02 1.48827851e-01
    1.84544414e-01</data></per_view_reprojection_errors_right>
<!-- right:a set of 6-tuples (rotation vector + translation vector) for each view -->
<extrinsic_parameters_right type_id="opencv-matrix">
  <rows>25</rows>
  <cols>6</cols>
  <dt>d</dt>
  <data>
    7.2998928275317565e-02 1.0494621760773316e-01
    -2.4749665948781261e+00 4.8444963033281780e+01
    2.2015890366351167e+02 5.8210512792976056e+02 7.0138749391491506e-02
    1.0709760113102182e-01 -2.4126724912105000e+00
    4.2012189841303517e+01 2.1967631508419143e+02 5.8022930270932227e+02
    1.1938512173762400e-01 1.1533189387368474e-01
    -2.1931765608147642e+00 7.3373975661101887e-01
    1.9740334271869838e+02 5.7729460062512203e+02 1.3228628048172580e-01
    1.0529091274974785e-01 -2.0101836056931179e+00
    -4.3870217881924852e+01 1.6139416322353199e+02
    5.6436802248713298e+02 1.5476211678059987e-01 8.5000028145114898e-02
    -1.8503547197439494e+00 -7.7558685347300298e+01
    1.1435489595283740e+02 5.5933845290898250e+02 1.7075238833613149e-01
    2.5491623861897520e-02 -1.5871809036927533e+00
    -9.2979955118449084e+01 6.9424062011432355e+01
    5.5260546494447681e+02 1.9902457584222011e-01 5.6811004337582675e-02
    -1.3286864133140202e+00 -9.3220093486166959e+01
    3.2911906610263443e+01 5.7171988360868056e+02 2.5108462838443535e-01
    -1.3036926398234370e-02 -1.0706394345950643e+00
    -7.3502256599365481e+01 5.6710518809048160e+00
    5.7012753791598436e+02 2.8230472903269438e-01
    -1.8128456800857097e-02 -8.6856740314021785e-01
    -7.8181640952452028e+01 -2.9054007688600013e+01
    5.7088615925051283e+02 7.5904522298879645e-02
    -1.1660089303004322e-01 -8.4038319014757912e-01
    -1.0268151451127925e+02 -4.1334878425248064e+01
    5.5663667128673922e+02 -1.2425091671356008e-01
    -2.8627157304045917e-02 -1.0926134546968511e+00
    -9.1768295452325745e+01 1.9201369239455108e+01
    6.1821844912586960e+02 -3.4608680747316112e-01
    -6.2719579052874230e-02 -1.2490686977190790e+00
    -5.6947120757138997e+01 1.1785038297716630e+02
    6.2032735358154889e+02 -2.9646671308636208e-01
    -1.0951556463869626e-01 -1.5083456219171341e+00
    -3.3413253031783363e+01 1.8416263925022685e+02
    5.9886531255157900e+02 7.7961319147147573e-02 7.9294877029013333e-02
    -1.8370311911737138e+00 -2.3962049168521773e+01
    1.3893809928608459e+02 6.4106286993700712e+02 3.5740539287155276e-01
    2.0581390048185169e-01 -2.0550975871035400e+00
    -6.8103523268511992e+01 1.9081403393001374e+01
    6.4045635445467246e+02 5.0773747914120104e-01 1.7558244480554444e-01
    -2.1519183688753305e+00 -1.2518679730958812e+02
    -1.6743486182006038e+01 6.5000701078062252e+02
    3.2136672000891742e-01 -4.7587878295730177e-02
    -1.8687226053412942e+00 -2.0666952576983601e+02
    -9.5016946934613618e+00 6.5547028288807553e+02
    2.2997014024901868e-01 -2.3564640176217314e-01
    -1.4633646992940630e+00 -3.0487338163607677e+02
    -1.7222584421876501e+01 6.6683391201941231e+02
    1.8757666346840707e-01 3.3520811557559299e-01
    -1.3867243586659319e+00 -2.0495957267406050e+02
    -5.0475890976138423e+01 6.9224810301933667e+02
    2.4987080240577539e-01 2.4626991572250267e-01
    -1.4969700866264402e+00 -1.1760548620641953e+02
    -6.2237166599690845e+01 6.1360727380326455e+02
    2.9300731230840910e-01 7.0523490494198524e-02
    -1.6031611689218181e+00 -7.5682657401534783e+01
    -7.6088507249362053e+01 5.6480737743992438e+02
    5.2819019045069610e-02 -1.0885974965896013e-01
    -1.5961495823918548e+00 -1.0170183721300023e+02
    -2.2538634841786397e+01 6.2894954109174932e+02
    -1.7494301903824228e-01 -9.9749422116916064e-02
    -1.5578070232137580e+00 -1.1489840756183345e+02
    2.9147403655236147e+01 6.3879687306739845e+02
    -3.2740992486618531e-01 -7.8799417385318274e-02
    -1.6604105520257002e+00 -5.4435489972660179e+01
    1.6082655109917047e+02 6.3005342035506669e+02
    -3.9094796675595289e-01 -7.4876789700733068e-02
    -1.6083693876861369e+00 -2.5102408100415299e+00
    2.3202053873272416e+02 6.3658284339488250e+02</data></extrinsic_parameters_right>
