<?xml version="1.0"?>
<opencv_storage>
<calibration_time>"2020年09月17日 15時12分46秒"</calibration_time>
<nr_of_frames>25</nr_of_frames>
<image_width>640</image_width>
<image_height>512</image_height>
<board_width>4</board_width>
<board_height>11</board_height>
<square_size>20.</square_size>
<fix_aspect_ratio>1.</fix_aspect_ratio>
<!-- flags: +fix_aspectRatio +fix_principal_point +zero_tangent_dist +fix_k4 +fix_k5 -->
<flags>6158</flags>
<fisheye_model>0</fisheye_model>
<camera_matrix_left type_id="opencv-matrix">
  <rows>3</rows>
  <cols>3</cols>
  <dt>d</dt>
  <data>
    5.2278124071224499e+02 0. 320. 0. 5.2278124071224499e+02 256. 0. 0.
    1.</data></camera_matrix_left>
<distortion_coefficients_left type_id="opencv-matrix">
  <rows>5</rows>
  <cols>1</cols>
  <dt>d</dt>
  <data>
    -9.2101423857678916e-02 1.8549694405417258e-01 0. 0.
    -1.3990433418154335e-01</data></distortion_coefficients_left>
<avg_reprojection_error_left>9.3683200830820379e-02</avg_reprojection_error_left>
<per_view_reprojection_errors_left type_id="opencv-matrix">
  <rows>25</rows>
  <cols>1</cols>
  <dt>f</dt>
  <data>
    5.97131178e-02 5.68263754e-02 5.88063598e-02 7.40951151e-02
    8.22634175e-02 1.00634500e-01 1.10195532e-01 1.17546946e-01
    1.12508535e-01 8.27786550e-02 5.66662252e-02 7.45587721e-02
    1.19505629e-01 7.09045976e-02 9.72824246e-02 9.82057303e-02
    8.44431818e-02 1.05265677e-01 8.14142227e-02 1.10275716e-01
    1.61118373e-01 6.33011609e-02 5.30818105e-02 8.00972134e-02
    1.33857027e-01</data></per_view_reprojection_errors_left>
<!-- left:a set of 6-tuples (rotation vector + translation vector) for each view -->
<extrinsic_parameters_left type_id="opencv-matrix">
  <rows>25</rows>
  <cols>6</cols>
  <dt>d</dt>
  <data>
    7.6901993671751628e-02 1.2380473664623176e-01
    -2.4227057078238103e+00 -6.0299285049465752e+01
    2.0454270765945344e+02 5.9425211786731120e+02 7.4549700669414395e-02
    1.2655016627240262e-01 -2.3603166960213442e+00
    -6.6677068528344165e+01 2.0379076988214109e+02
    5.9238179698361751e+02 1.3113800498583267e-01 1.3512961764968884e-01
    -2.1407114635568121e+00 -1.0674087387684068e+02
    1.7951875449487372e+02 5.8944271117451808e+02 1.4706019036625453e-01
    1.2456689350081476e-01 -1.9579286023014952e+00
    -1.4930184267222808e+02 1.4168589510669494e+02
    5.7613088814867353e+02 1.6916685306802540e-01 1.0259097351427396e-01
    -1.7979955337278299e+00 -1.8054803447698140e+02
    9.2885855406212315e+01 5.7033546610745532e+02 1.8443359624018685e-01
    3.9795159764371875e-02 -1.5372597543490369e+00
    -1.9353361357800799e+02 4.7665988563262118e+01
    5.6298246264589102e+02 2.1849472680091933e-01 6.8432932889985240e-02
    -1.2793916422370974e+00 -1.9221880262196629e+02
    1.0742816211450210e+01 5.8133548445143265e+02 2.7953892091588101e-01
    -1.6824597743702087e-03 -1.0201620779051381e+00
    -1.7104429831564880e+02 -1.5594440085024257e+01
    5.7904835754985504e+02 3.1279778333341818e-01
    -8.7102768454691264e-03 -8.1789165614420134e-01
    -1.7395743744528613e+02 -5.0515277193192375e+01
    5.7892673714719683e+02 9.9733231050085372e-02
    -1.0810666047317270e-01 -7.9178768553099954e-01
    -1.9787806824613591e+02 -6.3669536676397072e+01
    5.6510642665830892e+02 -1.0683631038380666e-01
    -2.7235100812842045e-02 -1.0427031256749857e+00
    -1.9047289929965874e+02 -4.3744378531507291e+00
    6.2685665158291181e+02 -3.1945493029423144e-01
    -5.8775533450287784e-02 -1.1987382541169218e+00
    -1.6068364400629602e+02 9.5470626187630373e+01
    6.2908523571101171e+02 -2.8682211065352670e-01
    -9.5751863913217730e-02 -1.4572437478461095e+00
    -1.4049543910750421e+02 1.6328332078395320e+02
    6.0866408038482564e+02 9.0505317995028034e-02 9.8693820571316038e-02
    -1.7852242709195358e+00 -1.2914778633955203e+02
    1.1785685059983903e+02 6.5401977514140015e+02 3.7338169774433638e-01
    2.3742457508731091e-01 -2.0033825792924209e+00
    -1.6708309783633189e+02 -4.1218451409653261e+00
    6.5213059738523305e+02 5.2730773746068271e-01 2.1444681765070830e-01
    -2.1011504455814483e+00 -2.2259782597952429e+02
    -4.3245810634838342e+01 6.6195017559296582e+02
    3.2431746749979706e-01 -1.2786420333584212e-02
    -1.8239649808697436e+00 -3.0448647475913481e+02
    -4.0483090411428314e+01 6.6894916898680458e+02
    2.4486819573858279e-01 -1.9691090763190841e-01
    -1.4167053237088789e+00 -4.0391113822848865e+02
    -5.3839640070390764e+01 6.8319329433360872e+02
    1.9809498175464321e-01 3.4327492809863702e-01
    -1.3340669267668643e+00 -3.0120066086445263e+02
    -8.1875382656663461e+01 7.0329500862402222e+02
    2.5648077889102616e-01 2.6229255730582646e-01
    -1.4453243654462378e+00 -2.1265348487882511e+02
    -8.6646506865384552e+01 6.2283475259819215e+02
    3.0635796454648589e-01 1.1621999873867092e-01
    -1.5511774866387602e+00 -1.6933918411701825e+02
    -9.7990837048737575e+01 5.7577435933357265e+02
    6.8418849569753887e-02 -8.6230114343867931e-02
    -1.5476348048745359e+00 -1.9883904744429287e+02
    -4.7134617912367069e+01 6.4003879937074100e+02
    -1.5014112925295095e-01 -8.9791741623838128e-02
    -1.5091782337872106e+00 -2.1441253317891662e+02
    3.3307503496823427e+00 6.4892019943421542e+02
    -3.0395402586521975e-01 -6.3642835711289494e-02
    -1.6097268727494083e+00 -1.6051443456851891e+02
    1.3822795219690988e+02 6.4130361337310194e+02
    -3.6699794436670202e-01 -4.4957956890509694e-02
    -1.5587454197380901e+00 -1.1231196028272791e+02
    2.1142105623267040e+02 6.4757994584482390e+02</data></extrinsic_parameters_left>
